[-11, 0.2, -10]|0|1
[-0, 0.2, -10]|1|0|2|5
[10, 0.2, -10]|2|3|1
[10, 0.2, -5]|3|2|4
[5, 0.2, -5]|4|5|6|3|12
[-0, 0.2, -5]|5|4|6|12|17|15|1
[5, 0.2, -0]|6|7|4|5|12|13|20
[5, 0.2, 5]|7|8|6|13|12
[10, 0.2, 5]|8|9|7
[10, 0.2, 10]|9|10|8
[0, 0.2, 10]|10|11|9|13
[-11, 0.2, 10]|11|10
[-0, 0.2, -0]|12|5|6|4|13|7|14|15|17
[0, 0.2, 5]|13|10|6|12|7|14|17
[-5, 0.2, 5]|14|12|13|18|17|19
[-5, 0.2, -5]|15|16|17|18|5|12
[-10, 0.2, -5]|16|15|17|18
[-5, 0.2, -0]|17|15|18|16|14|5|12|13|19
[-10, 0.2, -0]|18|15|17|16|14|19
[-10, 0.2, 5]|19|14|18|17
[10, 1.2, 0]|20|6|21|23
[10, 5.2, 10]|21|20|22
[-9, 5.2, 10]|22|21
[10, 5.2, -10]|23|20|24
[3, 5.2, -10]|24|23